73.4
73.3
73.5
91.7
73.3
73.0
73.5
97.6
73.0
73.1
73.6
73.2
93.7
92.1
73.0
73.2
73.5
73.5
84.3
73.0
73.2
72.9
73.4
73.5
82.5
73.4
107
77.9
80.2
82.7
73.3
73.5
73.4
73.0
74.4
92.5
73.3
92.9
73.5
73.5
73.3
73.5
73.5
107
83.0
73.4
73.4
77.9
73.5
73.8
73.4
112
103
73.6
76.7
79.8
73.5
75.0
74.4
73.4
76.7
86.1
99.2
82.9
78.6
73.9
81.5
77.1
88.7
75.6
74.9
74.3
77.8
80.9
73.4
100
99.7
90.5
73.7
73.5
73.3
77.2
73.0
73.3
73.3
73.5
73.3
73.2
75.5
74.7
73.7
80.5
75.8
75.5
75.0
78.5
73.4
76.9
80.7
75.8
75.6
79.0
115
81.7
76.6
73.2
73.4
73.4
73.4
77.3
73.2
73.3
107
73.5
73.4
73.3
73.4
73.3
73.3
73.5
73.4
73.4
73.3
73.2
73.4
73.5
73.3
73.4
73.4
73.4
73.4
73.6
97.3
85.0
73.4
92.0
83.5
73.5
73.3
77.1
73.8
73.5
77.1
73.4
73.4
73.4
73.5
73.5
73.4
73.5
73.2
73.4
73.0
73.4
72.9
73.2
73.3
73.4
73.3
73.3
73.3
73.3
73.3
80.8
73.1
73.1
73.4
73.4
73.4
73.2
73.0
73.3
75.6
73.1
73.1
73.2
73.0
73.5
72.8
73.4
72.8
73.0
73.0
73.3
73.2
73.3
73.4
73.2
73.2
72.9
73.0
73.1
73.0
72.9
73.2
73.4
73.4
72.9
72.9
73.3
75.4
74.0
72.9
72.9
73.8
73.1
74.7
75.0
83.9
73.2
73.0
73.1
73.0
73.0
73.0
73.4
76.1
84.6
73.4
84.9
73.5
73.6
73.4
73.3
73.5
73.4
73.3
73.4
73.4
120
90.8
73.7
73.4
73.4
73.4
73.4
73.3
73.4
73.3
73.4
94.0
73.1
73.1
73.0
73.5
73.4
77.3
75.4
73.5
95.7
73.6
99.7
73.3
73.4
102
73.4
73.3
73.3
73.6
73.4
73.5
73.5
73.4
75.0
73.4
73.5
77.8
76.9
83.4
73.7
75.6
73.5
96.2
82.1
76.9
99.5
97.6
73.9
92.5
87.2
73.5
79.5
73.4
73.4
73.4
73.4
73.4
73.5
73.3
73.3
73.3
73.3
73.4
73.3
73.3
73.4
73.3
74.0
73.4
129
89.4
73.4
78.1
73.4
73.4
93.2
73.2
74.3
73.3
73.3
73.3
73.4
73.4
73.3
73.3
73.5
73.2
73.5
73.4
73.3
73.3
73.3
73.3
73.1
73.4
73.3
73.4
73.4
73.6
73.4
76.5
73.1
93.4
73.2
81.7
73.3
73.4
73.6
73.3
73.5
73.8
73.5
73.5
73.3
73.4
73.4
73.3
73.2
73.4
73.8
73.4
73.6
73.3
73.4
73.4
73.3
84.5
73.4
73.4
73.4
73.5
73.4
73.3
73.6
73.3
73.3
73.4
76.8
73.8
86.6
73.5
82.9
85.9
76.5
73.4
76.8
74.0
73.4
73.3
75.0
89.7
76.1
74.2
73.4
90.8
102
87.7
74.4
92.2
73.0
73.7
103
73.8
76.6
74.7
73.2
73.4
73.4
82.7
74.6
84.7
91.5
130
76.6
86.6
73.3
73.3
85.6
79.5
73.8
73.5
73.3
122
83.5
73.6
73.4
73.5
73.4
94.1
73.5
73.3
73.4
73.4
73.4
73.5
73.6
73.5
73.5
73.4
73.3
73.3
73.4
73.5
73.3
73.3
73.4
73.5
73.5
73.3
73.6
73.5
88.0
73.6
73.3
73.4
73.4
73.2
79.3
73.4
73.3
94.5
73.4
73.6
73.4
73.5
73.4
73.3
73.3
73.3
73.4
73.4
73.4
73.4
73.3
73.4
73.3
73.4
73.3
73.4
73.5
73.4
73.3
73.4
73.4
73.4
73.3
73.4
83.6
73.4
73.4
73.5
73.3
74.5
73.3
73.4
73.3
73.4
73.4
73.6
73.3
73.5
73.3
73.5
75.0
73.4
73.5
73.4
73.4
73.4
73.4
123
81.7
75.7
74.4
73.3
75.1
73.7
73.4
73.5
73.3
73.3
73.3
73.3
73.3
73.4
73.4
73.4
73.3
73.5
75.1
73.4
73.3
73.5
74.0
73.8
73.5
73.2
73.3
73.3
73.4
73.6
73.3
73.3
73.4
73.3
73.4
73.4
73.2
73.4
73.4
73.3
73.4
73.1
73.4
73.4
73.3
73.3
73.4
73.4
73.8
73.5
73.4
73.4
73.3
73.4
73.4
73.2
73.4
73.5
73.5
73.5
73.4
73.3
73.4
73.2
73.3
73.3
73.5
76.5
73.6
73.3
73.6
73.3
73.4
73.5
73.4
73.4
73.6
73.2
73.3
73.4
73.4
73.5
73.4
73.5
73.6
132
73.5
73.3
73.3
73.6
73.5
73.4
73.4
73.6
73.4
73.4
73.1
73.4
73.5
73.5
73.3
73.4
73.3
73.4
73.3
74.3
75.6
73.5
73.7
74.4
74.5
73.5
73.6
74.8
73.7
73.4
73.4
73.3
86.1
73.3
73.5
73.4
73.5
73.7
73.4
73.4
73.3
73.3
73.5
73.4
73.0
75.7
74.2
73.5
73.2
77.1
108
73.2
72.9
91.1
74.1
73.5
74.9
73.4
75.8
102
76.4
73.5
73.3
75.2
73.4
73.7
91.1
77.3
79.8
73.4
113
99.6
73.4
73.4
82.2
101
111
109
95.6
73.1
82.6
74.7
101
73.4
76.9
77.9
78.4
76.5
78.7
99.1
75.2
73.6
75.7
73.5
88.2
74.1
76.6
78.9
85.8
73.3
73.3
73.9
73.4
74.0
88.8
119
74.6
87.2
91.2
83.7
112
81.0
85.9
133
73.6
74.0
84.8
90.9
81.7
75.6
78.7
96.3
77.4
82.1
89.1
77.2
75.5
74.0
73.3
87.3
73.3
80.3
73.1
73.7
73.2
76.2
74.1
73.5
73.4
77.5
104
73.5
159
74.5
73.5
76.7
75.8
94.6
95.0
98.9
98.6
93.6
73.7
73.4
119
74.6
73.5
88.7
73.1
91.4
107
73.4
73.4
73.5
73.4
98.3
90.1
73.5
83.1
80.4
73.5
73.5
74.1
73.3
73.4
76.1
83.4
95.1
74.7
89.7
73.5
73.5
98.7
158
76.7
73.7
73.5
97.6
76.6
73.6
73.5
73.5
95.0
76.5
73.6
75.0
73.5
150
73.6
73.5
73.3
73.3
102
73.5
73.4
75.1
73.5
73.4
113
87.7
73.5
97.8
73.4
73.7
73.4
95.1
73.4
73.6
73.5
73.5
73.6
73.4
73.8
73.4
73.6
73.4
73.4
89.6
73.5
73.8
108
73.5
76.6
74.9
73.4
75.8
74.6
73.3
73.3
105
75.8
77.6
75.4
102
117
96.9
77.3
87.7
81.6
108
89.7
73.4
73.5
73.3
73.4
73.7
73.4
73.5
98.8
73.6
73.2
94.3
101
73.5
73.5
73.6
73.4
73.4
120
73.5
73.4
73.4
73.5
73.5
94.5
76.6
78.7
73.4
74.9
77.7
75.4
73.7
75.8
90.6
76.8
75.5
73.6
87.6
73.4
76.0
73.4
73.3
75.3
73.4
73.4
73.6
73.5
73.4
73.5
73.5
73.7
73.2
73.2
73.3
102
96.7
74.7
102
73.4
84.2
73.4
73.6
73.5
73.4
73.4
75.2
73.4
75.8
74.7
73.4
75.0
73.4
73.5
78.2
76.4
74.7
73.8
73.4
73.4
73.5
73.2
73.5
85.9
73.4
73.4
74.9
75.7
73.6
73.5
73.4
114
76.6
73.5
73.4
74.9
73.7
73.3
73.3
76.3
73.3
77.0
73.0
94.7
84.7
73.4
76.8
75.5
106
75.9
73.4
97.1
73.3
106
73.3
73.4
73.4
73.2
78.5
73.3
73.8
73.4
73.2
73.4
73.5
73.4
100
90.6
84.8
81.9
73.3
73.4
74.8
73.4
76.0
73.5
73.4
90.9
73.5
73.4
73.5
73.5
73.3
73.3
73.5
109
73.4
73.4
73.3
82.3
76.4
74.7
73.0
73.0
72.9
73.3
128
82.7
81.0
83.4
73.8
75.9
90.8
85.6
75.6
73.6
112
119
84.7
94.6
80.8
75.6
77.6
87.8
74.1
76.9
75.7
73.8
75.9
78.7
76.9
76.4
74.1
84.6
74.8
77.4
79.8
77.6
79.6
81.6
91.7
74.9
73.5
95.9
93.7
73.6
116
112
86.8
73.0
112
74.0
85.0
104
89.6
75.8
90.6
101
115
102
76.1
74.9
73.5
83.7
73.4
73.4
73.3
73.1
73.2
73.2
76.5
135
73.9
100
73.5
91.1
83.5
102
144
99.0
86.2
73.3
73.2
89.2
73.4
73.2
73.2
148
110
96.5
74.6
73.7
78.4
73.3
73.1
73.8
73.5
73.4
76.3
103
73.7
109
107
84.8
91.6
82.2
76.2
86.5
76.8
160
77.9
80.6
73.3
75.1
